{
  "advancedEditorSelectedIdentifier" : "ProjectBrowser",
  "openSceneRelativePaths" : [
    "PortalWorld.usda",
    "Portal.usda"
  ],
  "recentIdentifiers" : {
    "4A3B1EFD-C9FF-46EE-8C8C-1149CFE9AE60" : [

    ]
  },
  "sceneCameraHistory" : {
    "4A3B1EFD-C9FF-46EE-8C8C-1149CFE9AE60" : [
      {
        "date" : 775315182.577167,
        "title" : "Untitled",
        "transform" : [
          -0.9218909,
          -3.0093222e-08,
          0.38744947,
          0,
          0.059497938,
          0.9881388,
          0.14156863,
          0,
          -0.38285398,
          0.15356334,
          -0.9109562,
          0,
          4.9481254,
          0.3334928,
          -2.9552274,
          1
        ]
      },
      {
        "date" : 775315143.073131,
        "title" : "Untitled",
        "transform" : [
          -0.83848023,
          -2.9721551e-08,
          0.54493195,
          0,
          0.09966425,
          0.9831328,
          0.15335234,
          0,
          -0.53574055,
          0.1828932,
          -0.82433736,
          0,
          4.6161036,
          0.39718807,
          -2.7671185,
          1
        ]
      },
      {
        "date" : 775315096.507481,
        "title" : "Untitled",
        "transform" : [
          -0.88919073,
          -2.9721551e-08,
          0.45753664,
          0,
          0.08368024,
          0.9831328,
          0.16262694,
          0,
          -0.44981936,
          0.18289322,
          -0.87419266,
          0,
          4.8026986,
          0.39718807,
          -2.8753884,
          1
        ]
      },
      {
        "date" : 775315081.639045,
        "title" : "Untitled",
        "transform" : [
          -0.9332246,
          -2.9045175e-08,
          0.35929352,
          0,
          0.032554787,
          0.9958866,
          0.08455761,
          0,
          -0.35781568,
          0.09060801,
          -0.92938596,
          0,
          5.002503,
          0.19677296,
          -2.9952505,
          1
        ]
      },
      {
        "date" : 775315008.410807,
        "title" : "Untitled",
        "transform" : [
          -0.9735792,
          -2.8920397e-08,
          0.22834967,
          0,
          0.018433707,
          0.9967364,
          0.07859326,
          0,
          -0.22760454,
          0.08072614,
          -0.97040176,
          0,
          5.2852817,
          0.17531258,
          -3.0843232,
          1
        ]
      },
      {
        "date" : 775314969.684939,
        "title" : "Untitled",
        "transform" : [
          -0.992771,
          -2.87418e-08,
          0.12002401,
          0,
          0.0072262944,
          0.99818593,
          0.05977243,
          0,
          -0.11980639,
          0.060207706,
          -0.99097,
          0,
          5.5193863,
          0.1307528,
          -3.1289911,
          1
        ]
      },
      {
        "date" : 775314925.703734,
        "title" : "Untitled",
        "transform" : [
          -0.9946506,
          -2.8719096e-08,
          0.10329572,
          0,
          0.00483475,
          0.99890405,
          0.04655525,
          0,
          -0.103182636,
          0.04680566,
          -0.9935606,
          0,
          5.571116,
          0.09794135,
          -3.0371666,
          1
        ]
      },
      {
        "date" : 775314913.139132,
        "title" : "Untitled",
        "transform" : [
          -0.9664592,
          -2.8768806e-08,
          0.2568199,
          0,
          0.0137653155,
          0.9985625,
          0.051801622,
          0,
          -0.25645083,
          0.053599395,
          -0.9650699,
          0,
          5.2504,
          0.112157345,
          -2.977549,
          1
        ]
      },
      {
        "date" : 775314876.226448,
        "title" : "Untitled",
        "transform" : [
          -0.9757739,
          -2.8750742e-08,
          0.21878132,
          0,
          0.016084213,
          0.9972939,
          0.0717366,
          0,
          -0.2181894,
          0.07351765,
          -0.9731333,
          0,
          5.3304625,
          0.15383647,
          -2.9944222,
          1
        ]
      },
      {
        "date" : 775314867.098964,
        "title" : "Untitled",
        "transform" : [
          -0.90998197,
          -2.8759777e-08,
          0.4146477,
          0,
          0.030197494,
          0.99734455,
          0.06627131,
          0,
          -0.41354674,
          0.072827056,
          -0.9075656,
          0,
          4.9216743,
          0.15239139,
          -2.8572202,
          1
        ]
      }
    ],
    "816DF685-5F67-4F28-AA37-9004CB02A265" : [
      {
        "date" : 775307188.036917,
        "title" : "Untitled",
        "transform" : [
          0.5893791,
          -8.831999e-11,
          -0.8078567,
          0,
          -0.572375,
          0.7057003,
          -0.41758126,
          0,
          0.57010466,
          0.7085106,
          0.41592494,
          0,
          13.938204,
          17.32202,
          10.16874,
          1
        ]
      },
      {
        "date" : 775307178.547391,
        "title" : "Untitled",
        "transform" : [
          0.99999976,
          0,
          0.000717163,
          0,
          0.00050711085,
          0.7071069,
          -0.7071066,
          0,
          -0.0005071109,
          0.70710677,
          0.7071067,
          0,
          -0.0123980995,
          17.287699,
          17.287699,
          1
        ]
      },
      {
        "date" : 775307150.524092,
        "title" : "Untitled",
        "transform" : [
          1,
          0,
          0,
          0,
          0,
          0.7071069,
          -0.70710677,
          0,
          0,
          0.70710677,
          0.7071069,
          0,
          0,
          1.3704413,
          1.3704417,
          1
        ]
      }
    ]
  },
  "sceneViewportBackgroundColors" : {

  },
  "selectedSceneRelativePath" : "PortalWorld.usda"
}